517395274
517395279
517395264
517396471
517396876
517395133
517396255
517396561
517396250
517395888
517396816
517396826
517396893
517396410
517395945
517395610
517395491
517396872
517395520
517396395
517396674
517396043
517395678
517395146
517395991
517396206
517396813
517396380
517396202
517395030
517396415
517396294
517396804
517394934
517394919
517395589
517396566
517396541
517396009
517396500
517395328
517395238
517395117
517396235
517395695
517395712
517395908
517395923
517395935
517395913
517395918
517394858
517395186
517395705
517395634
517396078
517395594
517396053
517396058
517396290
517396278
517396581
517395958
517396282
517396889
517396769
517396764
517396488
517396784
517396028
517396616
517396033
517394914
517396210
517396664
517395340
517396087
517396517
517395773
517395778
517395254
517395269
517396358
517396018
517395425
517395873
517395798
517395788
517395410
517396754
517395673
517395420
517395803
517395291
517395176
517396420
517396596
517395005
517396225
517396144
517396706
517396124
517396220
517395550
517396546
517396531
517395259
517395249
517395299
517395808
517395555
517395878
517395813
517396512
517396139
517396134
517395320
517395317
517396129
517396571
517395234
517396731
517396265
517395688
517396369
517396536
517395000
517396447
517395719
517395035
517396164
517394955
517396169
517395629
517395755
517396154
517396749
517395435
517395430
517395403
517395079
517395091
517395393
517395286
517395398
517394981
517395883
517396000
517396794
517395057
517395010
517395700
517395025
517396467
517395015
517395020
517395040
517396048
517396601
517396885
517396459
517395505
517395151
517395230
517394973
517396093
517395510
517396774
517395096
517394866
517396723
517396679
517395605
517395111
517396311
517396372
517396308
517395101
517394996
517396305
517396186
517395166
517395141
517396492
517395683
517395770
517395171
517396810
517396621
517395903
517396245
517395128
517396302
517396846
517396836
517396841
517396591
517395377
517395525
517396719
517395545
517395515
517396745
517396081
517396801
517396425
