517490658
517493176
517492615
517492534
517492590
517492413
517487473
517492666
517490640
517487602
517495040
517495070
517487650
517487683
517495454
517495446
517490431
517490507
517492206
517486925
517492080
517492061
517488227
517494091
517485114
517490472
517486804
517485224
517484541
517485043
517485080
517485842
517485015
517489626
517494725
517493393
517494342
517487019
517487622
517495377
517488000
517495097
517487547
517494623
517495356
517487558
517493628
517489552
517485261
517492181
517494353
517493809
517492999
517493431
517493138
517493863
517489815
517486955
517490873
517495335
517490741
517486730
517489261
517490851
517489178
517489861
517490566
517494962
517494314
517493181
517487747
517494918
517494944
517495055
517491336
517486182
517495433
517493186
517491212
517486600
517493855
517492510
517492431
517495459
517494775
517493901
517485388
517485412
517489985
517489965
517487712
517493518
517490830
517488260
517486202
517486140
517491907
517491936
517485770
517484680
517494599
517494710
517494661
517495092
517495102
517494738
517494635
517494455
517492140
517492561
517492923
517485454
517491308
517491258
517491189
517491230
517493554
517487108
517493977
517493503
517494407
517493600
517493094
517494611
517495273
517494823
517495013
517489589
517485899
517494396
517491800
517493024
517487580
517492975
517494798
517493541
517493614
517487327
517492948
517495078
517494421
517488467
517492685
517488433
517491283
517493826
517493939
517495222
517486162
517494870
517495087
517493420
517485931
517484937
517492039
517486676
517493485
517489352
517485823
517485788
517485510
517485968
517489308
517488192
517493196
517488283
517486222
517495107
517487534
517488523
517486282
517492100
517492232
517493866
517488495
517488373
517488326
517488062
517488733
517488399
517490098
517486759
517486864
517486703
517484502
517491111
517486833
517493529
517490790
517492161
517491958
517489770
517493120
517495074
517486625
517493058
517493818
517486263
517484700
517486300
517485188
517490047
517494358
517489030
517489127
517494257
517489078
517494328
517490729
517489211
517488034
517493161
517487055
517486027
517493639
517488350
517488091
