517510760
517512356
517513696
517514804
517513418
517513474
517514640
517513209
517514878
517513192
517514614
517510189
517515060
517514929
517511659
517511488
517511116
517512417
517512707
517512777
517510430
517514102
517510302
517510275
517509862
517514990
517512465
517509819
517510814
517512515
517510441
517511567
517509826
517514854
517511146
517514985
517512546
517514899
517509853
517514608
517511005
517511017
517513860
517512210
517512224
517514690
517513783
517513772
517513809
517513102
517514975
517514624
517514844
517513199
517513491
517514513
517514875
517514505
517509517
517511426
517510502
517511355
517509578
517513373
517511340
517511174
517515015
517514904
517515089
517511126
517509406
517509507
517513721
517513704
517511788
517514754
517513758
517514829
517514824
517514839
517509835
517514834
517514809
517514819
517510778
517510764
517515093
517514794
517514784
517515074
517515055
517512821
517509511
517514498
517515035
517514725
517509549
517514678
517513126
517511403
517511610
517514251
517510137
517515025
517514206
517510507
517515010
517515020
517512037
517514864
517514127
517509916
517509874
517513166
517514884
517509903
517511643
517510784
517512454
517512443
517514574
517510755
517514769
517510492
517515030
517509630
517509591
517513068
517511379
517513022
517511593
517515111
517513039
517513090
