517473105
517472285
517473519
517472503
517472611
517474353
517472677
517473384
517472162
517474012
517472088
517473609
517473583
517473624
517473558
517472873
517472544
517473550
517472847
517472438
517474002
517472553
517472524
517473115
517473881
517473014
517471981
517472025
517472807
517473191
517474034
517472654
517472882
517472534
517472563
517472020
517473947
517472007
517472379
517472072
517473020
517473027
517473897
517471959
517473271
517472082
517472865
517472837
517472818
517472207
517473544
517472002
517471744
517471734
517472925
517473255
517471723
517472241
517472334
517472263
517472342
517471991
517473089
517472180
517473967
517474067
517474100
517471693
517471674
517471753
517474342
517472477
517472360
517472293
517472300
517472691
517472637
517472645
517472684
517473285
517472315
517474054
517472425
517473980
517471785
