517425701
517423777
517425289
517426912
517428065
517424702
517428079
517427077
517426535
517428164
517428147
517426540
517425280
517424380
517425215
517424142
517425263
517425251
517424266
517425187
517427367
517427390
517426620
517426595
517427413
517427379
517426771
517425202
517425237
517427752
517426020
517426006
517424413
517427328
517425226
517426633
517427918
517425856
517427447
517427627
517426517
517426530
517426550
517426905
517425872
517425718
517425470
517425814
517424402
517425667
517423651
517423596
517425801
517427354
517427968
517427531
517423934
517427521
517427955
517425886
517427573
517427587
517424845
517426829
517426193
517426783
517424829
517425336
517427981
517426884
517424854
517424870
517423575
517427301
517426180
517423488
517426154
517426081
517424513
517426067
517426170
517424425
517424495
517426036
517424504
517424837
517424814
517426930
517427344
517423921
517424943
517427995
517424930
517424897
517424907
517427601
517424918
517426162
517425692
517424680
517426203
517424668
517424543
517427423
517424159
517424208
517424531
517427613
517423553
517424585
517426921
517423976
517423949
517427049
517423987
517427641
517427559
517426866
517424223
517426860
517424194
517424238
517424278
517424291
517428200
517423963
517428255
517426509
517428299
517425711
517425827
517427335
517427905
517426893
517426898
517424043
517424522
517424391
517428009
517425841
517423607
517423669
