517521103
517521119
517521492
517520957
517521008
517521317
517521292
517520899
517520903
517521013
517520879
517520772
517520976
517520993
517520644
517521081
517521236
517521402
517520962
517521399
517521396
517521388
517520782
517520792
517520973
517520799
517521331
517520840
517520777
517521171
517521066
517520804
517521208
517521298
517521391
517521150
517520704
517521100
517521097
517521254
517521463
517521313
517521453
517521108
517520861
517521306
517521423
517521433
517520763
517521363
517521368
517521353
517520872
517521225
517520943
517520744
517521240
517521405
517520710
517520732
517521458
517520787
517520988
517521301
517521414
517521337
517521417
517521194
517521358
517521259
517520668
517520927
517521286
517521428
517520659
517520664
517520754
517521249
517521443
517520889
517521191
517520831
517521018
517521480
517520649
517520931
517521275
517521187
517521267
517520689
517520979
517521270
517521380
517521091
517521094
517521499
517521438
517521347
517521309
