517504630
517504640
517504635
517504645
517504539
517504035
517504534
517504544
517504549
517504556
517503744
517504620
517504715
517504510
517504615
517504610
517504655
517503835
517503840
517504709
517503850
517503823
517503845
517503830
517503818
517503813
517504416
517504394
517504699
517504596
517503661
517504026
517504349
517504650
517504491
517503957
517503699
517504428
517504408
517503985
517503729
517504271
517503802
517504245
517503626
517503621
517503941
517503691
517503646
517504149
517503641
517503616
517503636
517503631
517503575
517504126
517504142
517504116
517504109
517504104
517504133
517504566
517504561
517504696
517504121
517504075
517503654
517504184
517504176
517504582
517503888
517503976
