517490247
517488660
517487435
517484697
517490966
517491334
517491011
517487721
517486952
517486936
517486905
517486540
517489092
517488006
517488203
517491001
517487478
517486090
517484981
517485263
517486820
517490147
517486781
517490612
517487018
517487037
517485134
517485573
517485587
517485664
517491708
517491307
517491592
517488624
517490513
517485077
517490504
517485092
517491129
517485996
517491504
517485960
517486049
517486608
517484807
517485212
517486374
517486861
517487260
517491068
517486470
517488070
517487409
517490460
517487394
517487362
517487377
517486807
517485942
517485924
517488078
517490664
517490227
517487849
517487821
517488980
517487668
517485911
517485196
517484714
517485693
517488022
517490542
517490131
517489569
517485547
517488046
517490190
517488102
517488590
517487420
517488511
517491792
517491402
517485629
517486164
517490169
517491107
517485148
517488147
517488844
517488116
517487800
517488092
517487856
517491695
517490575
517489553
517485701
517490951
517489180
517491553
517488541
517488555
517488568
517488578
517489002
517489049
517489026
517485516
517491051
517488186
517484737
517488162
517485162
517488492
517485617
517490635
517490140
517489135
517491454
517489854
517490066
517491488
517488526
517490177
517489072
517485011
517491565
517486456
517487890
517489597
517487775
517489788
517489832
517485066
517490080
517489811
517489749
517490705
517486351
517485227
517485680
517490921
517486987
517491605
517490979
517491575
517487748
517487761
517486974
517487735
517487001
517491533
517488967
517490720
517486492
517489728
517490935
517485051
517491059
