517434749
517434016
517434849
517434583
517434307
517434561
517434420
517434299
517434516
517434511
517434915
517434604
517434184
517434311
517434831
517434779
517434641
517434546
517434501
517434078
517434920
517434413
517434226
517434393
517434477
517434676
517434681
517434671
517434863
517434624
517434156
517434147
517434103
517434230
517434887
517434814
517434809
517434775
517434783
517434446
517434579
517434111
517434704
517434694
517434791
517434142
517434166
517434636
517434430
517434001
517434360
517434006
517434220
517434438
517434239
517433958
517434086
517434319
517433996
517434260
517434026
517434253
517434868
517434203
517434871
517434335
517434425
517434992
517434408
517434982
517434978
517434327
517434398
517434964
517434570
517434046
517434935
517434459
517434294
517433972
517434733
