517436041
517439115
517439142
517439705
517439700
517439710
517438341
517437194
517439377
517437048
517437155
517437174
517438297
517436352
517439330
517439320
517439682
517439594
517437327
517439672
517439551
517439547
517439650
517436445
517436067
517436414
517439662
517435065
517439657
517437377
517436605
517439012
517438093
517437907
517437873
517439420
517435493
517435287
517435334
517439603
517439613
517439296
517439638
517439357
517436104
517439344
517436160
517436371
517436453
517439354
517437245
517435173
517435163
517439695
517437895
517436672
517436730
517436436
517436427
517435500
517435432
517435154
517436122
517436710
517439579
517438909
517439589
517439183
517439178
517437946
517436749
517439240
517437562
517436790
517436599
517438106
517438081
517437482
517439288
517439598
517438946
517437916
517436633
517439056
517439046
517439041
517435578
517438285
517436837
517436085
517438119
517439164
517439642
517437723
517437098
517438536
517435301
517437117
517439314
517438489
517438924
517435072
517438557
517438586
517438601
517439051
517438647
517439086
517436824
517436810
517437605
517437591
517436859
517439030
517435315
517439071
517437921
517439066
517439487
517439512
517439405
517435589
517439492
517435183
517439555
517439502
517439507
517438982
517436391
517438961
517438919
517439268
517435178
517437079
517435272
517436327
517439382
517439497
517439258
517435386
517436963
517435833
517436975
517435822
517435851
517435686
517435708
517435724
517435667
517435509
517435655
517439395
517436283
517436617
517437845
517435193
517439372
517437212
517435757
517439730
517436015
517435937
517436004
517435952
517435994
517439367
517435985
517435966
517439534
517437620
517439100
