517446673
517443592
517444861
517442137
517444815
517446519
517443211
517442265
517443087
517447044
517447088
517442540
517443608
517443789
517444604
517443972
517443819
517443948
517443781
517442722
517443940
517443757
517446579
517446927
517444326
517446458
517443046
517446474
517445638
517446060
517446898
517444363
517445369
517444401
517444054
517444301
517446665
517442436
517446833
517445254
517442166
517444339
517446948
517446488
517446264
517445201
517443559
517442523
517443491
517446075
517446210
517446863
517443637
517444380
517443294
517443863
517446029
517446634
517444694
517443835
517447093
517446247
517443164
517447054
517444321
517443856
517445404
517445418
517446807
517444756
517447022
517446283
517447039
517446966
517443484
517446627
517447059
517444129
517444141
517442277
517442844
517445621
517443957
517442800
517443924
517445749
517444609
517445658
517444099
517446614
517445433
517446650
517446094
517446882
517445331
517445825
517445289
517445682
517445806
517446891
517445230
517446602
517442929
517443533
517444190
517444159
517443264
517443331
517444175
517444371
517445729
517446906
517445708
517445312
517445788
517442156
517442181
517446591
517446229
517442511
517445461
517442422
517442961
517446845
517446381
517444119
517446191
517442785
517447079
517442103
517442581
517446641
517444678
517443546
517444311
517443652
517443669
517444894
517442753
517442471
517442862
517443918
517442893
517444114
517444426
517444109
517447074
517442768
517446872
517446922
517443908
517443149
517442675
517442573
517442706
517444306
517443111
517443133
517442689
517444124
517443077
517443932
517446790
517445177
517443773
517443765
517443827
517444198
517443508
