517476462
517477101
517475982
517476558
517476569
517477177
517477785
517477815
517477924
517477955
517474715
517476510
517474508
517475865
517476577
517477730
517478465
517475216
517476411
517474874
517475308
517476621
517478433
517475967
517477210
517478369
517478571
517474981
517475252
517477302
517474926
517474942
517477192
517475197
517475714
517478403
517475164
517475383
517474733
517475919
517474564
517474539
517474741
517474755
517475800
517475442
517478599
517475888
517475754
517475462
517476644
517478497
