517399895
517399727
517399421
517399683
517399327
517399332
517399349
517399337
517399499
517399504
517399677
517399978
517399307
517399627
517399632
517399642
517399277
517399652
517399411
517399384
517399389
517399416
517399779
517399784
517399939
517399742
517399789
517399698
517399442
517399988
517399983
517399479
517399919
517399749
517399812
517399796
517399807
517399188
517399252
517399364
517399953
517399963
517399958
517399968
517399973
517399722
517399560
517399168
517399287
517399575
517399565
517399529
517399875
517399905
517399944
517399900
517399870
517399688
517399284
517399426
517399754
