517482053
517482116
517481042
517479721
517482430
517481441
517481924
517482278
517482269
517480800
517482391
517481778
517481888
517482379
517479955
517482400
517481702
517482198
517482370
517482240
517482230
517480477
517482166
517481648
517481747
517481986
517481900
517481917
517481679
517481667
517481912
517481737
517482217
517481272
517480577
517479930
517480012
517481029
517480961
517481723
517481288
517479999
517480588
517480097
517482334
517480913
517482464
517480563
517480436
517480508
517480494
517480423
517482223
517480463
517480387
517480377
517480331
517480346
517480361
517482016
517481640
517481635
517481625
517481630
517481620
517480397
517482451
517480894
517479973
517482106
517481328
517480523
517479943
517482439
517480040
517480936
517480027
517482286
517481280
517481298
517481318
517481338
517481368
517481383
517481427
517482297
517481712
517482177
517481265
517481939
517480878
