517432221
517431950
517430577
517429752
517432402
517432410
517431944
517431957
517429965
517429411
517429501
517429799
517432016
517429865
517429905
517429856
517431665
517429895
517432090
517432019
517430587
517431063
517432336
517431574
517431555
517431565
517429595
517431027
517431008
517431337
517431346
517431222
517430547
517432013
517431128
517430386
517431137
517431096
517431109
517431118
517431966
517431876
517432327
517431231
517432003
517431034
517429485
517432102
517431524
517430351
517430342
517432131
517429635
517429627
517429659
517430416
517430361
517431622
517430562
517429762
517430827
517432078
517429422
517429779
517429731
517431202
517430332
517430856
517430234
517430200
517432007
517430205
517432135
517430926
517431735
517430777
517431705
517432191
517432216
517431406
517429956
517429454
517432232
517429983
517431207
517430839
517431929
517429400
517431882
517429722
517431518
517431217
517431725
517430185
517430190
517431715
517432380
517432106
517432385
517430305
517431849
517430918
517432350
517430078
517431308
517431299
517430056
517431290
517430875
517431192
517432263
517430377
517430286
517432271
517432275
517430895
517429706
517432071
517432203
517431472
517429569
517429519
517431044
517431987
517432150
517431809
517432165
517432044
517432175
517431376
517430533
517430528
517432390
517429975
517429439
517431910
517430011
517429992
517431212
517429714
517431197
517430666
517432406
517429530
517432086
517432185
517430910
517431698
517432039
517430674
517432360
517431845
517430769
517431824
517431460
517429947
517429462
517431900
517429914
517430314
517430258
517430276
517430267
517431317
517431783
517431792
517431327
517430481
517429610
517430472
517432198
517430798
517430808
517430848
517431632
517430367
517430229
517431603
517430226
517431594
517430221
517431970
517432302
517429831
517432307
517430094
517430538
517430557
517431870
517430627
517432312
517429587
517429698
517430891
517432211
517431053
517429642
517431074
517432170
517432340
517432355
517431990
517431859
517432370
517430116
517430125
517430143
517431362
517430210
517432140
517430867
517432292
517430817
517432416
517429838
517431764
517431745
517432287
