517529031
517530162
517530207
517530179
517530198
517529241
517529129
517529134
517529812
517529624
517529943
517529933
517529862
517529923
517529928
517529557
517529519
517528710
517529524
517529983
517528996
517529998
517529577
517529036
517530097
517529119
517529109
517529448
517529847
517529606
517530018
517528932
517529149
517529154
517529458
517529184
517529321
517529696
517529701
517529683
517529691
517529104
517529675
517530030
517529453
517529291
517529468
517528822
517529287
517529251
517529807
517530069
517529953
517529544
517529549
517529534
517529720
517529144
517529189
517529164
517529169
517529174
517529476
517530133
517528742
517529882
517530112
517529988
517529958
517529341
517528698
517529663
517528957
517528952
517528746
517528845
517528850
517529354
517528751
517529197
517528907
517529730
517528897
517528981
517528840
517528937
517529398
517529402
517528764
517530053
517530215
517529660
517528947
517528912
517529763
517528917
517529046
517530231
517529734
517528874
517529566
517530247
517529310
517529315
517529788
517528714
517529054
