517430150
517430145
517429109
517428449
517428568
517428557
517428773
517428548
517428541
517428363
517429393
517431907
517431534
517431767
517431486
517431933
517429022
517431455
517430943
517430270
517431548
517430245
517430452
517428958
517429037
517429052
517429159
517429821
517429149
517428515
517431828
517429284
517430969
517429940
517429666
517429637
517430722
517429989
517428487
517429095
517428519
517429071
517431292
517431302
517428536
517428529
517428583
517430961
517428575
517430638
517430582
517431640
517430592
517431142
517430413
517429866
517430419
517430289
517431832
517429309
517428788
517428830
517431804
517428825
517428820
517430747
517428408
517429376
517429382
517429406
517429437
517429194
517428652
517429677
517429707
517431597
517431618
517431577
517428852
517429749
517429737
517429832
517428672
517428507
517431272
517431267
517431282
517430957
517428349
517431277
517431335
517428104
517430437
517431162
517431247
517429118
517431242
517431237
517428809
517428794
517428201
517428804
517429275
517428748
517428764
517429456
517429447
517429017
517428462
517429474
517428756
517429603
517429494
517429464
517429042
517430433
517431716
517431538
517430903
517430934
517428320
517430105
517430095
517428303
517430114
517429630
517431026
517431567
517428976
517429770
517429923
517429802
517429792
517429874
517429878
517429811
517430994
517428619
517431493
517428629
517428719
517428709
517430712
517430818
517428657
517429586
517431018
517428941
517430983
517429319
517429185
517429154
517429180
517428129
517428815
517429169
517429175
517429139
517431795
517429535
517429484
517429254
517429504
517429250
517429246
517431706
517431696
517431726
517428235
517429218
517429419
517431786
517430603
517431778
517430458
517430463
517431343
517430362
517429906
517430331
517430341
517429850
517431418
517430321
