517471306
517471335
517471407
517470567
517470486
517470591
517470552
517471286
517470293
517470862
517470841
517470562
517470547
517470542
517471093
517470476
517471103
517471087
517470283
517471325
517471354
517470534
517471271
517471315
517471592
517471509
517470451
517470888
517470846
517471082
517471344
517471223
517471760
517471690
517471171
517471738
517470525
517471121
517471112
517471129
517471729
517471276
517470691
517471365
517471386
517471719
517470759
517471749
517470984
517470273
517471255
517470278
517471476
517470965
517470955
517471033
517470911
517471513
517470719
517470504
517471520
517471563
517470796
517470352
517471232
517470660
