517398119
517398007
517398612
517397669
517398944
517397813
517398337
517397430
517398675
517398666
517397765
517398734
517398750
517398730
517398360
517398426
517397610
517397996
517397569
517397365
517397361
517398896
517398886
517398906
517398901
517398015
517397469
517398086
517397486
517397693
517398690
517397703
517398911
517397624
517397585
517397481
517397496
517397343
517398548
517398940
517398544
517397969
517397760
517398327
517397750
517397554
517397393
517398599
517397965
517398532
517397357
517397844
517397775
517397770
517397657
517397512
517398105
517397785
517397559
517397744
517398319
517397402
517397961
517398314
517398640
517397976
517397981
517397407
517397459
517398003
517397894
517398926
517398101
517398142
517397936
517398363
517397952
517397944
517398271
517397713
517398781
517398825
517398191
517398835
517397904
517398620
517397412
517398379
517397823
517398764
517398502
517397385
517398150
517397818
517398790
517397377
517398011
517397805
517398332
517398870
517397828
517397455
517397833
517397973
517398389
517398241
517398695
517398680
517398374
517397940
517397347
