517432803
517433792
517432899
517433809
517433782
517433777
517433343
517433409
517433246
517433850
517433757
517433251
517433736
517433806
517433709
517433462
517433467
517433060
517433487
517433204
517433214
517432910
517433690
517433872
517433557
517433241
517433615
517433359
517433497
517433044
517433050
517433174
517433184
517433631
517433894
517433620
517433838
517433648
517433890
517433576
517433448
517433654
517433904
517432813
517433659
517433641
517433886
517433833
517432880
517432887
517433224
517433261
517433880
517433876
517433603
