517522665
517524808
517522635
517524585
517524860
517524135
517524857
517524870
517524865
517522691
517523853
517523038
517523406
517523465
517524649
517524644
517524350
517524674
517523230
517523200
517523891
517524842
517524759
517524253
517523273
517523752
517523720
517524534
517523688
517523732
517524067
517522823
517523248
517524076
517524084
517524093
517523073
517523698
517524696
517524561
517524686
517522795
517524837
517524791
517523213
517524659
517524247
517522596
517524899
517524706
517523744
517523093
517524716
517522882
517524721
517523835
517523413
517524299
517523953
517523907
517524635
517524314
517522768
517524818
517524681
517523256
517523278
517523238
517524595
517523221
517524306
517524218
517522840
517523030
517523390
517523443
517524290
517522805
517523283
517524726
517523656
517522717
517522712
517522707
517522861
517522831
517522876
517523065
517522849
517523068
517524664
517524496
517524013
517524117
517524144
517524126
517524852
517522675
517524590
517523090
517524003
517523048
517524431
517522686
517522784
517524875
