517423060
517427620
517428636
517422770
517422765
517423243
517422740
517426641
517426659
517426650
517426594
517422806
517426669
517428556
517427492
517426621
517428075
517422475
517425908
517424661
517423374
517425048
517423250
517423238
517426190
517422825
517428473
517422876
517428461
517427544
517427579
517428217
517426087
517422906
517422871
517428168
517427381
517423405
517422727
517422901
517428663
517425038
517425020
517424725
517423048
517428410
517423131
517422620
517426695
517425571
517423002
517423356
517423165
517424123
517427249
517423437
517425518
517427744
517422735
517425478
517428239
517422886
517428673
517427421
517422611
517424276
517423037
517423206
517428694
517428774
517428357
517427718
517427591
