517436535
517437071
517437258
517438415
517438192
517437465
517438356
517438674
517438666
517437436
517438752
517437443
517437682
517437490
517435984
517435939
517437451
517436032
517436106
517435155
517437698
517438405
517437142
517438371
517435671
517435147
517436838
517435532
517435595
517435106
517436846
517436829
517435969
517435249
517435433
517438018
517437860
517435403
517435466
517435273
517438774
517435357
517437038
517435634
517436519
517437246
517436447
517436433
517438659
517436291
517436498
517436243
517438092
517435730
517437421
517438073
517435320
517435767
517437263
517438626
517435197
517437089
517435645
517435118
517437504
517438203
517436648
517436374
517436124
517435281
517436213
517436140
517437667
517437527
517435495
517435687
517437514
517435581
517435257
517435212
517438100
517437551
517436885
517437657
517435760
517437388
517437367
517436669
517436690
517436734
517438315
517435483
517438350
517438361
517435219
517435227
517438576
517435374
517438593
517435381
517435234
517438681
517435127
517436360
517435955
517435549
517435796
517435311
517435303
517435349
517435418
517435425
517437686
517438581
517438162
517435389
517438153
517437017
517435460
517435050
517435588
517435110
517435344
517438766
517435541
517435910
517438424
517436006
517437428
517437894
517437902
