517419609
517419565
517419614
517419202
517419411
517418877
517419596
517418705
517419587
517419138
517418612
517419156
517419193
517418745
517418760
517418731
517418755
517418712
517419130
517419604
517419497
517418849
517418917
517418964
517419146
517418949
517419418
517419183
517418939
517419244
517419502
517419229
517418853
517418667
517418830
517418825
517419253
517418798
517418632
517418929
517418924
517419126
517418736
517418740
517418864
517418617
517418627
517418637
517419331
517418642
517418808
517419262
517418899
517419045
517418894
517418719
517419149
517419063
517419118
517419030
517419370
517419018
517419023
517419114
517419166
517418934
517418820
517418647
517419058
517418750
517418904
517419050
517418777
517419454
517419161
517418982
517418954
517418657
517419578
517419436
517418974
517419444
517419630
517419110
517418660
517419134
517419483
517418689
517418774
517418771
517418813
517418835
