517504958
517504822
517506017
517506164
517505896
517505847
517504749
517504737
517504744
517505901
517505916
517506107
517505660
517505804
517506098
517505201
517506036
517505186
517505540
517505774
517505881
517505886
517504792
517506003
517504767
517505107
517506011
517506068
517505614
517506060
517505526
517506089
517505042
517506177
517505656
517505118
517505761
517505715
517505254
517504898
517504948
517505730
517505387
517505416
517504772
517505181
517505871
517505176
517505419
517505021
517505036
517504827
517505448
517504762
517505750
517506156
517504817
517504953
517505452
517505216
517505221
517506212
517506046
517504841
517505317
517505535
517505302
517505337
517504994
517505287
517504812
517504984
517504971
517505298
517504797
517506075
517505496
517504876
517505643
517505327
517505312
517505166
517505307
517505332
517505648
517505809
517505405
517505577
517505342
517504906
517505392
517505236
517505377
517505410
517505689
517505824
517505683
517506140
517505911
517505925
517505428
517505862
517505590
517505092
517505942
517505003
517505206
517504855
517505031
517505057
