517441192
517441156
517440431
517440426
517439959
517440052
517440067
517440770
517440182
517440186
517440799
517440328
517441109
517440042
517439966
517440139
517439983
517439928
517439903
517441062
517441036
517440279
517441022
517440721
517440082
517439862
517440072
517439802
517441184
517440480
517440889
517440472
517440450
517440691
517440062
517439842
517440507
517440594
517439893
517439913
517439827
517440211
517440524
517440353
517440533
517440516
517440114
517439992
517439866
517440245
517440228
517440119
517440124
517440445
517440300
517439778
517439782
517440335
517440911
517439972
517440047
517440728
517440557
517440077
517440144
517440601
517440155
517440461
517440790
517440817
517440826
517440412
517440834
517440367
517440313
517439954
517440579
517440745
517440108
517441095
