517401035
517401104
517401030
517401181
517401020
517401025
517401010
517401293
517400900
517400861
517400936
517400704
517401040
517401050
517401096
517401353
517401100
517401120
517401283
517401157
517401268
517401258
517400707
517401401
517400712
517400852
517400701
517401152
517400788
517400773
517401263
517401248
517401404
517400767
517400742
517400825
517400783
517400877
517400654
517401398
517400960
517400926
517400634
517400639
517400644
517400671
517400931
517400941
517400857
517400885
517400916
517400946
517400951
517401309
517400679
517401091
517401343
