517510669
517510677
517511638
517509589
517509662
517511627
517510624
517514325
517512247
517514042
517513239
517510126
517510468
517512822
517512079
517512734
517510345
517512834
517512059
517512791
517513945
517513188
517513004
517511257
517513780
517513856
517511480
517510645
517512895
517509548
517511948
517512523
517514357
517512290
517514371
517514387
517511205
517514317
517514244
517512798
517513671
517512269
517513218
517512810
517510406
517510015
517509958
517509697
517510197
517512541
517512557
517512491
517512508
517510246
517510450
517512238
517510440
517509486
517513611
517513552
517511509
517513803
517513902
517511494
517511937
517512361
517511489
517512474
517511535
517509673
517510634
517511382
517513872
517513792
517512944
517509751
517510599
517510150
517509832
517509771
517510487
517510699
517510139
517511755
517511736
517514172
517511651
517512260
517510805
517510708
517510110
517509901
517511273
517513741
517512276
517513841
517510556
517514303
517511201
517514197
517510541
517513932
517514332
517511813
517514122
517513307
517512932
517511881
517512328
517511794
517511834
517513716
517513475
517514254
517513679
517512697
517514235
517514224
517513926
517509721
517509731
517510411
517509974
517510326
517511302
517513662
517513654
517513646
517513252
517513755
517513727
517510853
517510844
517509761
517512852
517511876
517512309
517514185
517513528
517514343
517511335
517510400
517511043
517512205
517511013
517509741
517510222
517510335
517514072
517512004
517513036
517511664
517512977
517513017
517510793
517513054
517510209
517510316
517512315
517510862
517511689
517509704
517511124
517510998
517511101
517511089
517511134
517509712
517511365
517511153
517512022
517509687
517512042
517510088
517510095
517514264
517510353
517510103
517512865
517510880
517513817
517510477
517510885
517510418
517510377
517512670
517510650
517512885
517512225
517512188
517514401
517510655
517511971
517511987
517511187
517510369
517510118
517510005
517511707
517510871
517510133
517511677
