517471896
517470633
517471128
517471189
517470665
517471199
517470471
517471092
517471472
517471102
517472165
517471149
517471859
517472113
517472132
517472154
517471399
517471417
517471408
517470269
517471389
517472484
517471483
517472174
517472311
517471709
517472232
517470775
517470150
517470165
517472513
517470718
517472277
517472469
517471695
517470650
517470974
517472248
517470169
517470181
517470397
517470381
517470405
517470389
517471143
517472064
517470757
517472498
517471918
517470766
517472533
517471607
517471578
517471572
517471854
517471370
517471003
517470983
517470998
517470348
517470640
517470130
517470746
517470160
517471909
517472304
517472073
517470737
517471560
517471444
517470690
517471566
517472341
517470441
517470592
517472089
517472098
517472105
517470145
517472461
517472057
517470430
517471152
517471170
517471162
517470185
517470126
517471645
517471146
517472327
517472351
517472363
517472373
517470704
517470915
517471681
517471180
517471849
