517507112
517506500
517506553
517506778
517506571
517506576
517506606
517506596
517506676
517506549
517507196
517507138
517507192
517506561
517506963
517506968
517506975
517506732
517506717
517506707
517506697
517506722
517506671
517507771
517506364
517506654
517506345
517507059
517507428
517506459
517506757
517506537
517506374
517507144
517507235
517507683
517507678
517506998
517506786
517507005
517506984
517506430
517506930
517507269
517507252
517507277
517506420
517507286
517507654
517506762
517507659
517507664
517507669
517506889
517506435
517506410
517506918
517506400
517507631
517507542
517506387
517506481
517507170
517507162
517506852
517506884
517506874
517506909
517506899
517507852
517506832
517506797
517506492
517506812
517506807
517506841
517506914
517507445
517507516
517507480
517507475
517507524
517506451
517506817
517506822
517507576
517507211
517507206
517507201
517507751
517507626
517507778
