517473393
517473223
517474081
517473270
517474068
517473416
517473590
517473692
517473705
517473716
517474037
517473679
517474127
517473579
517474179
517474156
517473846
517474268
517473292
517473806
517473835
517474140
517473882
517473912
517473557
517473868
517473896
517473192
517473485
517473905
517473938
517473472
517473175
517473334
517473828
517473283
517473450
517473737
517473162
517473640
517473236
517473457
517473652
517473250
517473667
517473445
517473800
517473433
517474241
517473428
