517442039
517440789
517441911
517442360
517440963
517442876
517440652
517442892
517442934
517442921
517441110
517443370
517440759
517440841
517442051
517441134
517442220
517442752
517441038
517442839
517441259
517441272
517441333
517443328
517443292
517443258
517440719
517443380
517441933
517441252
517441242
517441926
517441433
517441023
517442034
517442705
517442206
517442341
517440974
517441613
517442077
517441154
517442045
517443053
517441343
517440704
517441549
517441948
517440689
517441213
517441938
517442767
517442026
517440629
517441893
517441173
517441183
517441900
517441882
517441352
517442382
517441827
517441450
517441525
517440616
517441486
517440831
517441475
517441460
517441465
517443360
517441989
517441964
517442498
517441969
517441943
517440769
517440820
517441083
517441650
517440800
517441013
517443123
517443274
517443166
517443311
517442651
517442630
517440729
517441673
517441693
517441455
517441362
517442605
517441713
517441683
517441515
517441779
517441837
517441440
517442636
517442719
517440851
517441120
517441797
517441788
517441760
517441770
517443241
517442068
517442307
517442259
517442299
517440953
517440945
517442270
517441703
517442600
517441642
517442193
517443221
517442325
517441749
517441731
517441555
517441915
517443531
517442948
517443062
517442981
517440739
517441541
517441096
517440675
517441505
