517423983
517424221
517423563
517423885
517423149
517423945
517423912
517423959
517423504
517423484
517424089
517424196
517422975
517423072
517423650
517423363
517423543
517423672
517423261
517424245
517422966
517424303
517423171
517423348
517423293
517423625
517423251
517423067
517423059
517422958
517422949
517423256
517422987
517423051
517424082
517423281
517423091
517423277
517423734
517423718
517423465
517423159
517423897
517423852
517423306
517423273
517424174
517424409
517424362
517423265
