517420011
517420534
517419775
517421129
517420052
517420229
517420027
517420022
517419769
517419766
517421484
517420133
517420153
517420143
517419530
517420158
517419087
517421031
517421046
517419694
517419687
517420121
517419923
517421430
517419472
517419753
517419995
517420006
517419106
517420500
517421666
517419785
517421098
517420699
517420247
517420037
517419217
517419499
517420241
517420224
517419728
517421016
517421021
517419944
517421416
517420452
517419334
517420435
517420461
517420184
517419958
517421379
517420106
517420813
517419750
517420281
517420389
517420102
517421450
517419723
517420220
517419265
517420163
517419515
517419937
517420253
517419190
517419580
517419533
517419879
517419568
517420167
517419703
517420017
517421389
517421366
517419890
517419298
517419235
517419223
517420380
517420735
517419547
517419270
517420516
517419275
517419990
517419844
517419859
517419854
517419874
517420237
517420822
517420372
517419280
517420032
517419763
517420179
517421399
517420204
517420066
517420796
517421384
517420724
517419832
