517518040
517518667
517519850
517518225
517517842
517517832
517517313
517519546
517517427
517517444
517519813
517519808
517519683
517519803
517519658
517518973
517517405
517518251
517519102
517517963
517517986
517518463
517519521
517518857
517517263
517517432
517519531
517519556
517519641
517518529
517518413
517518524
517517248
517518999
517518030
517517323
517517779
517519482
517517948
517517567
517518534
517519337
517517789
517519616
517519763
517519748
517519758
517518827
517517665
517517680
517518356
517518086
517518159
517518185
517517675
517517273
517518180
517518110
517518517
517517711
517518817
517519768
517517864
517517343
517517938
517517348
517519561
517517920
517517925
517517454
517518986
517518978
517518714
517518315
517518236
517517226
517517437
517517449
517518960
517519434
517519429
517518915
517518920
517518502
517518930
517517764
517519462
517518053
517517670
517519536
517519424
517519286
517517547
517517522
517517498
517519239
517517592
517517602
517519234
517519626
517519631
517519793
517519594
517518140
517519069
517518807
517517801
517519788
517518775
517518600
517518100
517518570
517518096
517518144
517519189
517517915
517518862
517519347
517519352
517519310
517519453
517518615
517518035
517518375
517517420
517518379
517518468
517518408
517519219
517517400
517518512
517518780
517519164
517518482
517518497
517519134
517518902
517519653
517519477
517517774
517518736
517518872
517519179
517517370
517519027
517519773
517519037
517517793
517518770
517519052
517518765
517518892
517518477
517519492
517519082
517518995
517517557
517518025
517517258
517517542
517517527
517517537
517518261
517519502
517519688
517519823
517519836
517519267
517517612
517517573
517518802
517518785
517518887
517518877
517519783
517517318
517519047
517518487
517517478
517517627
517519678
517517721
517518950
517517658
517518852
517517469
517518700
517518685
517518704
517519194
517518393
517518418
517517395
517518360
517518472
517518175
517518590
517518935
517518925
517519753
517519601
517518241
517517850
517517827
517518266
517517328
517518560
517518120
517517706
517519497
517518797
517518303
517517691
517518968
517517696
517517734
517517643
517518897
517517725
