517436750
517436774
517438543
517438229
517438550
517436761
517437093
517438442
517437185
517437288
517437283
517437972
517437293
517437218
517437272
517436196
517437995
517437560
517437548
517437575
517437742
517437734
517438413
517437590
517437583
517436711
517436203
517438398
517438273
517438298
517438281
517437406
517437396
517436228
517436312
517437521
517437535
517438045
517438505
517438529
517437103
517438005
517437081
517437780
517437195
517436320
517436302
517438810
517438875
517438944
517438938
517437883
517437792
517437802
517437130
517437121
517436721
517438235
517437950
517436284
517436950
517437709
517437963
517437943
517436293
517438425
517437842
517437871
517438857
517436546
517436539
517438845
517438254
517436532
517436211
517437968
517438247
517437958
517437341
517436366
517437316
517436381
517438050
517436686
517438185
517435855
517436677
517437073
517437169
517435861
517436582
517436168
517438223
517437832
517437646
517437758
517436740
517438012
517436504
517436637
517437816
517436485
517436495
517436208
517436987
517436981
517437976
517436515
517438990
517437990
517435909
517437786
517436563
517437200
517436898
517436902
517437750
517437725
517437603
517438032
517438728
517436907
517437851
517437823
517436731
517437773
517438695
517438057
517436570
517436567
517436059
517438521
517437612
517436129
517436100
517435970
517436993
517436959
517436799
517436787
517438021
517436888
517438826
517438836
517437861
517437382
517435881
517435890
517436162
517435900
517436400
517436932
517438986
517436964
517436944
517436971
517437639
517438965
517438739
517438734
517438432
517438771
517438754
517438788
517438485
517438497
517438477
