517515975
517516466
517516508
517516125
517515544
517516498
517515638
517515606
517515621
517516494
517515633
517515601
517515549
517515524
517515590
517515529
517515507
517515160
517516872
517516867
517515326
517515330
517516852
517516389
517516399
517516394
517516749
517515965
517516754
517516786
517516730
517516725
517515301
517516065
517516720
517516734
517516253
517516040
517516020
517516128
517516045
517516035
517516902
517516907
517517067
517516932
517516922
517516944
517516912
517515734
517515759
517515921
517515719
517515729
517515582
517516593
517516985
517515596
517516794
517515410
517516828
517516702
517516799
517516804
517515402
517515425
517515450
517516330
517517105
517517110
517517095
517517100
517515775
517517085
517517075
517517080
517516638
517516653
517516643
517516602
517516280
517516648
517515554
517516339
517515829
517515824
517515839
517515470
517515945
517515799
517515794
517516025
517515482
517515616
517515714
517515710
517515626
517515705
517515700
517515695
517515690
517515868
517515512
517515848
517515883
517515878
517516616
517516833
517516688
517516692
517516838
517516182
517516284
517516162
517516177
517516187
517515204
517516152
517516167
517515320
517515347
517516927
517517035
517515382
517517043
517515387
517515372
517515377
517517123
517517138
517517149
517517158
517517133
517517143
517517154
517516525
517516529
517516490
517516454
517516305
517516241
517515814
517515819
517516202
517516246
517515804
517516482
517516346
517516351
517516470
517515680
517515685
517515670
517515675
517515180
517515892
517515858
517515863
517515164
517515960
517515152
517515925
517515955
517516300
517516092
517516097
517515935
517516087
517516429
517516434
517516409
517516424
517515334
517516767
517516843
517515273
517515268
517515209
517516264
517515232
517515222
517515227
517515252
517515257
517515357
517515352
517515362
517515460
517515367
517517059
517515465
517515843
517515455
517515897
517516862
517516887
517516892
517516877
517517128
517515283
517515291
517516272
517515247
517516981
517515242
517516474
517515570
517517000
517515574
517515782
517516315
517516939
517516310
517516325
517517005
517516320
517516334
517515754
517516102
517517202
517516107
517515749
517515739
517516207
517516212
517516217
517515316
517516222
517516227
517516232
517516236
517515149
517516439
517516613
517516619
517516624
517516629
517516633
517516663
517516658
517517118
517517114
517517055
517517051
517515502
517515492
517515487
517515477
