517468435
517468117
517468123
517467687
517468773
517467866
517467940
517468741
517468614
517467906
517467909
517467900
517468644
517468073
517467655
517468219
517467733
517468630
517467719
517468496
517468439
517468279
517468041
517468528
517467638
517467742
517467846
517468535
517468733
517468737
517468292
517468444
517468576
517468579
517467700
517468693
517468552
517468638
517468289
517467897
517468756
517468573
517468056
517467641
517468665
517467644
517467647
517468721
517468599
517468595
517467711
517468715
517468684
517468465
517468718
517468469
517468680
517467883
517467747
517468107
