517417869
517418311
517417874
517418308
517417899
517417904
517418059
517418054
517418292
517418314
517417860
517418113
517418317
517417805
517418044
517418049
517418007
517418380
517418302
517418202
517418214
517418076
517418196
517418080
517418088
517418123
517418128
517418238
517417959
517418210
517418148
517418350
517418355
517418365
517417814
517418258
517418253
517418516
517418416
517418340
517417964
517417853
517417980
517417988
517417984
517418280
517417780
517417785
517418510
517418034
517417955
517417951
517417765
517417760
517418192
517418305
517418225
517418436
