517402296
517402289
517402605
517402362
517402557
517402441
517402438
517402128
517402123
517402444
517402251
517402118
517402774
517402762
517402356
517402329
517402143
517402464
517402770
517402158
517402881
517402245
517402450
517402208
517402481
517402424
517402546
517402758
517402543
517402754
517402537
517402783
517402336
517402325
517402315
517402822
517402384
517402849
517402600
517402201
517402352
517402307
517402806
517402791
517402676
517402172
517402733
517402473
517402433
517402877
517402740
517402743
517402578
517402639
517402582
517402629
517402672
517402266
517402586
517402746
517402540
517402801
517402897
517402468
517402873
517402592
517402712
517402596
517402644
517402649
517402281
517402869
517402667
517402133
517402508
517402857
517402843
517402138
517402865
517402846
517402615
517402812
517402194
517402564
517402198
517402211
517402286
