517537068
517537526
517538186
517537078
517537646
517538243
517538260
517537469
517537280
517537300
517536684
517536965
517537434
517536777
517537110
517536743
517537118
517537553
517538092
517538082
517538087
517538077
517537642
517537920
517537910
517537678
517537290
517537681
517537600
517537130
517538144
517536752
517537156
517537151
517537177
517536711
517537160
517537449
517537361
517537127
517537267
517538233
517538291
517538020
517536696
517537748
517536692
517536747
517537142
517537063
517536819
517537270
517538194
517537478
517537843
517537439
517537516
517537083
517537093
517537521
517537202
517538223
517536723
517538039
517537052
517537386
517537716
517537711
517537721
517537728
517538047
517537695
517537658
517538067
517537454
517537193
517537543
517537536
517537548
517537098
517537207
517537558
517536767
517537635
517538228
517537883
517537605
517537331
517537615
517538112
517538134
517538139
517538102
517537941
517537905
517537620
517537825
517536780
517537900
517537820
517536921
517537232
517538214
517537115
517537212
517537327
517537795
517537785
517538052
517538173
517538097
517536873
517538177
517536854
517536861
517538000
517537595
517537048
517538062
517538124
517536975
517538281
517538248
517538271
517537800
517536772
517537145
517536848
517536933
517536947
517537847
517536836
517537701
517536970
517537005
517537505
517537733
517536735
517538016
517538028
517537139
517537491
517538300
517538276
517538295
517537859
517537738
517538238
517538286
517537743
517537704
517537027
517537088
517537180
517536727
517536916
