517477877
517477685
517473327
517474625
517479501
517479568
517474234
517474219
517475049
517473154
517473139
517473144
517480348
517480381
517473149
517472636
517479318
517475460
517473465
517473508
517478776
517473497
517479271
517473484
517478607
517475429
517472771
517473807
517472880
517478445
517476257
517480033
517474398
517474702
517474311
517474418
517474352
517472752
517479356
517477850
517472625
517479338
517478829
517473741
517478035
517477978
517480489
517473359
517479911
517480465
517479886
517473662
517474653
517472764
517477070
517472737
517476174
517473186
517476095
517477754
517478849
517474994
517475068
517479925
517475514
517473902
517474496
517475082
517476824
517472646
517478801
517473284
517479429
517476576
517475686
517475720
517473681
517475111
517477574
517480333
517473958
517475614
517474482
517475602
517479411
517476526
517478882
517479764
517474716
517474683
517475628
517472842
517475544
517473036
517473992
517474486
517473874
517478534
517474634
517479484
517474445
517477724
517472927
517479836
517479803
517479785
517477026
517474984
517472973
517479582
517472859
517480411
517479558
517480739
517480557
517472949
517473079
517473122
517473066
517472686
517472985
517472976
517480718
517477004
517472886
517473611
517476910
517473476
517474873
517476277
517479546
517472805
517474941
517480512
517480429
517477948
517478047
517472699
517473134
517472942
517472786
517474697
517473129
517475023
