517409583
517409587
517409069
517409111
517410426
517410434
517410461
517409522
517409537
517409556
517409527
517409542
517409552
517409351
517409367
517409086
517409347
517409781
517409115
517410254
517409325
517410259
517409646
517409631
517409845
517410213
517409427
517409372
517409417
517409412
517409983
517409337
517410113
517409850
517409924
517409920
517409934
517409949
517409939
517409944
517409397
517409253
517409901
517410108
517410279
517409076
517410249
517410391
517410331
517409040
517409998
517409993
517409341
517410093
517410244
517410239
517409741
517410381
517409746
517409517
517409614
517409657
517409362
517409713
517410044
517410316
517410321
517410013
517410083
517409432
517410406
517409467
517409776
517409756
517409452
517409636
517410221
517409153
517409158
517409183
517410371
517409143
517409098
517410401
517409442
517409447
517409472
517409477
517409230
517409258
517409689
517409278
517409293
517409910
517409718
517409703
517410411
517409708
517409651
517409203
517409243
517409198
517409915
517409547
517410339
517410103
517410003
517410078
