517487299
517485734
517489021
517492759
517493005
517492868
517493093
517493072
517493195
517486679
517486866
517492854
517486707
517486727
517488029
517487978
517484805
517487909
517488041
517491461
517486185
517488525
517491209
517492432
517493049
517492914
517492358
517492337
517492224
517492294
517491438
517485312
517491595
517489407
517487938
517487968
517484975
517491678
517489617
517490777
517490865
517492314
517492274
517491125
517492124
517487351
517487268
517487368
517488117
517489270
517489244
517487317
517489093
517489048
517493219
517493119
517492138
517489312
517493026
517487334
517492885
517491005
517492845
517492581
517484792
517492983
517492926
517492970
517492193
517492900
517487483
517485717
517487670
517487647
517488082
517488281
517486239
517485115
517488335
517490981
517485183
517488558
517488573
517492488
517484933
517492445
517484910
517485279
517489548
517490925
517490895
517490839
517486815
517486046
517487507
517487949
517492089
517489657
517489417
517489504
517492073
517492541
517492457
517485702
517488221
517485666
517486309
517492504
517492563
517492602
517490211
517489397
517491417
517488317
517486297
517486107
517487404
517485767
517486136
517486832
517486615
517486632
517485758
517485594
517485631
517485612
517485652
517486328
517486342
517488298
517486253
517490234
517492057
517488244
517488265
517485554
517488658
517486746
517493208
517486761
517486393
517493230
517490197
517492171
517493244
517485046
517485161
517491989
517489142
517486264
517490793
517484999
517490761
517488608
