517485965
517484748
517486004
517483888
517486057
517486429
517486406
517486457
517486442
517486699
517486661
517487011
517486989
517486721
517485307
517487273
517484242
517487998
517484811
517488571
517488732
517487838
517488589
517489943
517488531
517487286
517487298
517487211
517486627
517487219
517484578
517486643
517488836
517484966
517488262
517489159
517484982
517484455
517484553
517484427
517487971
517484401
517487958
517487965
517486588
517484214
517485890
517485988
517488446
517485871
517489816
517486508
517489793
517488803
517484171
517485692
517485281
517487948
517485844
517484535
517484193
517485737
517484385
517485153
517485258
517484288
517484184
517487682
517487634
517487616
517487911
517487896
517489957
517488477
517488494
517488510
517488462
517486484
517486473
517485681
517484273
517484416
517488849
517484338
517484518
517486496
517484355
517489071
517489104
517485168
517483947
517487934
517483922
517483913
517483904
517484117
517487392
517488395
517489710
517485235
517485211
517484651
517485002
517484615
517484633
517484712
517484724
517484683
517484701
517484026
517485792
517487855
517484012
517484665
517487877
517484597
517487977
517485113
517483848
517488361
517483896
517483930
517484147
517484495
517484479
517485430
517485447
517485415
517489487
517485367
517489735
517485382
517485340
517488341
517488190
517485067
517488280
517488215
517484133
517484121
517484055
517483956
517485806
517485819
517485830
517483983
517483997
517489649
517489501
517489670
517489243
517489280
517489301
517484129
517487350
517487333
517488965
517484125
517486324
517487159
517488908
517486381
517485753
517484138
517485712
517485777
517486358
517485763
517485914
517489446
517489437
517489543
517489458
517485355
517487034
517487172
517489206
517488942
517487993
