517510374
517512878
517512894
517510358
517512739
517514066
517512954
517512908
517512925
517510348
517509163
517510916
517509148
517510926
517509168
517512598
517510030
517509158
517512583
517509183
517511857
517509226
517513984
517512203
517511595
517510264
517510561
517510364
517512722
517511571
517512701
517511629
517510689
517511655
517508972
517509648
517510751
517510907
517510701
517511862
517509677
517513683
517509153
517513504
517511321
517513935
517513953
517513974
517509315
517513918
517513900
517512531
517512939
517510340
517514163
517509709
517509298
517510632
517509273
517509288
517509278
517509017
517512118
517511721
517510062
517509173
517510395
517510530
517509530
517512162
517510384
517511058
517509101
517511220
517510545
517514184
517513602
517509437
517510271
517513453
517512046
517510974
517510979
517510969
517511699
517511742
517512008
517509445
517512302
517510576
517509427
517510037
517509633
517511071
517510722
517509883
517509719
517510984
517513417
517509363
517509255
517509351
517511350
517511336
517509601
517509663
517510712
517508935
517508955
517510935
517510944
517509450
517509419
517509475
517508931
517508960
517509729
517510964
517512281
517508950
517512288
517508977
517511979
517511277
517509093
517513139
517513010
517513120
517511234
517511240
517509382
517509375
517509041
517512478
517510070
517514089
517509071
517510192
517510204
517509079
517512553
517512453
517512503
517509455
517509123
517510309
517509113
517509118
517509051
517512993
517513074
517509021
517513092
517513583
517509143
517513030
517509211
517509303
517512567
517512613
517510319
517514119
517509247
517510897
517509541
517514227
517510294
517510283
517514142
517514351
517509759
517509036
517512628
517509689
517509046
517509178
517508927
517513678
517509739
517512434
517508915
517510181
517509096
