517477221
517476643
517474967
517475487
517477098
517478380
517476541
517476503
517476521
517476560
517477013
517476401
517478546
517478446
517477275
517478183
517478415
517478331
517476725
517476712
517479106
517476688
517475923
517477175
517475709
517474812
517478994
517478948
517478656
517475849
517478909
517478971
517478587
517475386
517475349
517478012
517477884
517477837
517478928
517477783
517477700
517476674
517475262
517475277
517475319
517475305
517477320
517475333
517477559
517476618
517474753
517475994
517477289
517476428
517476608
517478866
517478564
