517539736
517540123
517539685
517539706
517540196
517539872
517539961
517539690
517539907
517539917
517539966
517540129
517540201
517540250
517539986
517540246
517540095
517540186
517540115
517540191
517539814
517540166
517539939
517539828
517540279
517540031
517540214
517539695
517539772
517539750
517539767
517539777
517540171
517540156
517540161
517540135
517539931
517539785
517539935
517540086
517539710
517539726
517539731
517540081
517539757
517539745
517539700
517540108
517540099
517540119
517539662
517539632
517539627
517540062
517539637
517539642
517540071
517539667
517539922
517539889
517539976
517539902
517539672
517539820
517539894
517539897
517540050
517539943
517539951
517540228
