517539145
517538716
517539186
517538573
517538759
517538902
517538868
517538937
517539101
517538849
517539429
517539434
517538706
517539409
517539419
517539395
517539105
517539404
517538905
517538835
517538811
517539340
517539280
517539022
517539264
517538546
517538892
517539315
517539320
517538721
517538844
517539330
517538443
517539345
517538631
517538736
517539202
517539125
517539474
517538504
517538779
517538854
517538908
517538877
517538512
517538802
517538942
517538674
517539310
517538668
517539212
517539191
517539176
517538711
517539181
517538581
517539135
517539037
517538658
517538606
517538621
517538626
517538611
517538641
517538559
517538636
517539171
517538960
517539150
517538472
517539217
517539012
517538997
517538750
517538839
517538492
517538477
517539120
517538457
517539296
517538741
517539068
517538947
517538922
517539075
517539117
517538754
517539399
517538543
517539078
517538554
