517444251
517443309
517443605
517444058
517443795
517444082
517443657
517443638
517442725
517443473
517444457
517443286
517443465
517443450
517443753
517444006
517444078
517443821
517444274
517443502
517443783
517444514
517443228
517444482
517444240
517443004
517443703
517444178
517442750
517443100
517443018
517443513
517443965
517444916
517444067
517442773
517444496
517444470
517443943
517443834
517443740
517443860
517443872
517443729
517444367
517443900
517443153
517444891
517444867
517444659
517443539
517444379
517443846
517444235
517443419
517443204
517443896
517444844
517444212
517444246
517443884
517442822
517444931
517443718
517444947
517444679
517444063
517443565
517443263
517444186
517444042
