517475979
517478881
517478770
517476149
517475541
517478371
517478404
517478537
517478597
517478505
517479025
517475218
517478062
517475915
517476164
517475995
517475528
517476023
517477639
517477604
517475613
517476908
517475387
517478934
517476886
517476832
517475473
517479292
517476959
517478810
517477817
517476182
517477782
517477246
517477487
517477268
517475596
517476009
517476695
517477472
517476755
517479371
517475454
517476038
517477197
517475491
517475517
517475085
517475092
517477852
517477875
517475944
517477952
517477999
517478861
517477903
517479131
517476539
517475100
517475055
517479344
517475107
517476348
517476369
517476467
517478567
517478626
517476255
517475621
517478189
517478958
517477339
517475357
517477459
517475588
