517424118
517426183
517424128
517425432
517424816
517424647
517424230
517424828
517425362
517425375
517423822
517424629
517424721
517424593
517425646
517425028
517424338
517424469
517424688
517423948
517423806
517426010
517424778
517424249
517425039
517426267
517425064
517424315
517425074
517425869
517424448
517425913
517423974
517425893
517425052
517425383
517424460
517426034
517423865
517425401
517424140
517425804
517424454
517425823
517424389
517425490
517424010
517425422
517426146
517424755
517424026
517425473
517425536
517423670
517425218
517423693
517423708
517426143
517423774
517424581
517423621
517424570
517424793
517425155
517425598
517423986
517425780
517425845
