517521999
517521994
517523699
517522985
517523969
517523127
517521974
517521989
517522975
517521984
517524153
517523133
517521841
517521814
517523933
517522283
517521704
517521714
517523489
517524233
517524260
517523787
517523797
517521683
517523816
517523806
517522575
517522036
517523648
517522278
517522302
517522734
517521593
517521920
517523145
517521905
517522046
517522945
517521724
517522269
517522297
517523561
517521719
517521577
517523574
517522021
517521910
517522086
517522177
517522056
517523707
517522401
517523509
517522199
517522288
517521585
517521979
517522077
517521945
517522802
517521900
517522810
517523123
517521895
517522167
517522031
517522066
517522730
517523109
517521569
517522994
517523294
517522723
517522158
517522588
517522597
517523548
517522128
517523535
517521651
517522041
517522223
517522209
517524032
517522243
517522935
517523983
517522940
517522970
517521610
517522920
517522228
517524097
517521628
517522309
517523893
517521643
517521615
517521687
517523778
517522777
517521633
517524061
517521691
517522851
517523433
517521663
517523243
517522746
517522742
517523714
517521659
517522074
517523037
517524078
517522263
517522293
517521709
517524125
517523484
517522320
517521888
517521655
517524007
517522108
517521789
517522754
517521769
517521935
517521748
517522163
517523481
517521940
517523141
517523622
517521965
517523372
517522580
517522643
517521602
517523220
517521671
517522660
517522565
517523380
517522428
517522951
517522875
517523906
517522915
517522910
517521623
517523865
517522353
517522376
517522011
517524087
517522361
517522016
517521925
517522185
517522839
517522153
517522004
517521930
517523667
517522189
517523585
517522366
517523728
517524240
517523736
517523768
517521756
517523746
517522825
517522631
517522651
517523179
517522832
517522545
517521573
517524221
517524200
517523676
517524187
517524328
517521851
517521836
517522254
517521826
517522435
517524116
517522101
517521831
517521821
517521554
517524280
517524291
517524303
517524315
517524340
517521743
517522535
517521868
517522218
517522123
517522214
517523721
517521541
517523523
517524174
517523955
517521779
517522061
517523998
517522420
517523976
517522930
517522118
517521638
517522275
517521696
517523828
517523881
517523838
517523849
517521598
517522406
517522391
517522386
517522371
517522381
517523047
517521740
517523099
517522071
517522555
517521548
517522761
517523232
517523208
517523114
517522607
517522570
517522238
517521864
517522248
517522257
517522148
517522138
517522143
517521589
517522133
517522113
