517508373
517508402
517508618
517508489
517508529
517508162
517508526
517508664
517507337
517508465
517507140
517508360
517508825
517508012
517508366
517508363
517508157
517508497
517507901
517508063
517508218
517507623
517508690
517507410
517507982
517508087
517508357
517507997
517508877
517507916
517508740
517507906
517508743
517507890
517507457
517507940
517508397
517508407
517508379
517507953
517508337
517508728
517508859
517508652
517508228
517508731
517508167
517508072
517507877
517507843
517508066
517508075
517508197
517508189
517508412
517508656
517508326
517508194
517508765
517508671
517507612
517508807
517508820
517507352
517507992
517507580
517508586
517508632
517508186
517508177
517508468
517508007
517507812
517507977
517508855
517507590
517508317
517508562
517508559
517508546
517507972
517508238
517508685
517508867
517507370
517508142
517507384
517507381
517507378
517508660
517508132
517508640
517507950
517508863
517508311
