517503763
517504202
517504217
517504212
517503757
517503322
517503318
517503463
517503458
517503478
517503468
517503982
517503956
517503154
517503087
517503173
517503095
517503276
517504309
517503242
517504181
517504171
517503436
517504405
517503090
517503305
517503531
517504160
517503602
517503281
517503920
517503159
517503966
517503947
517504447
517503670
517503428
517503432
517503607
517503168
517503198
517504434
517503412
517503058
517503711
517503063
517503068
517503034
517504453
517503039
517503326
517503044
517503104
517503338
517504015
517503444
517503491
517503483
517503247
517503901
