517447335
517447350
517447750
517447740
517447842
517447837
517447200
517447245
517447827
517447288
517447345
517447321
517447316
517447527
517447392
517447712
517447651
517447783
517447786
517447555
517447794
517447372
517447735
517447661
517447646
517447325
517447311
517447452
517447578
517447563
517447306
517447671
517447666
517447225
517447681
517447593
517447832
517447484
517447210
517447215
517447498
517447240
517447508
517447479
517447518
517447745
517447458
517447770
517447402
517447789
517447261
517447765
