517479952
517482381
517480424
517482117
517480148
517480029
517480133
517480435
517482369
517481713
517482348
517480922
517482315
517482194
517482098
517479992
517479545
517481801
517480491
517481597
517481018
517482028
517479212
517479649
517481204
517480111
517481185
517482126
517481176
517479521
517479777
517481156
517480270
517481535
517479533
517480702
517481872
517481487
517481821
517481878
517481843
517479720
517481580
517480974
517479244
517479679
517480950
517478559
517478337
517478481
517478252
517480638
517480666
517478601
517480558
517480622
517482407
517482246
517480214
517478815
517482213
517482254
517481391
517481693
517479340
