517487739
517487620
517483841
517491994
517483877
517492059
517483936
517483924
517484758
517489225
517491920
517489201
517484719
517484705
517484146
517485192
517483093
517490446
517492038
517487088
517483055
517487057
517486869
517486842
517486813
517490757
517489365
517484237
517484251
517485651
517487768
517485305
517486267
517487830
517487801
517485329
517485096
517483106
517483434
517484195
517486186
517487577
517487860
517490327
517491582
517488363
517490482
517490400
517484324
517483447
517486304
517486927
517485413
517486084
517490713
517486957
517488454
517491791
517486041
517488408
517484295
517491102
517484339
517484066
517488429
517488340
517491522
517483031
517489017
517483377
517483389
517490625
517483286
517489061
517486001
517492015
517485870
517483422
517484310
517483460
517484209
517484393
517483308
517483340
517490349
517489110
517483671
517484002
517483696
517490293
517483556
517492139
517484040
517488895
517483587
517485354
517488745
517483648
517483985
517483562
517489277
517482916
517487711
517484281
517483150
