517496509
517497403
517496200
517497569
517497794
517497177
517497143
517497185
517498047
517496552
517496125
517497969
517497156
517495626
517498079
517497601
517498019
517497604
517496223
517497230
517496073
517495817
517495860
517496456
517497590
517495838
517495831
517497701
517495324
517497067
517495705
517495755
517498059
517496291
517497399
517496029
517496389
517495647
517496614
517497140
517498198
517498267
517498171
517496448
517497310
517495244
517495535
517496094
517496598
517495424
517497009
517496710
517496705
517496969
517495371
517497546
517496268
517496837
517496399
517495762
517498055
517497102
517497727
517497487
517497171
517496657
517496632
517496132
517497166
517496944
517495865
517497197
517496961
517497530
517498152
517498136
517497829
517497328
517495670
517495880
517495694
517495686
517497290
517496845
517498272
517496102
517495855
517497086
517495845
517495850
517496161
517496193
517497474
517495547
517496985
517496993
517497001
517497372
517496619
517496922
517496544
517496667
517497161
517497598
517497646
517495524
517496813
517495998
517496752
517498112
517497814
517497819
517498095
517497672
517496591
517497847
517498104
517497837
517497852
517496687
517495889
517495939
517497514
517495992
517497320
517497783
517498214
517498230
517497209
517498206
517495606
517498223
517497721
517497777
517497797
517496637
517497857
517498063
517497581
517495388
517497479
517495678
517495659
517495971
517497945
517496569
517497876
517496109
517496829
517496216
517496932
517496852
517496087
517495380
517497367
517497357
517497344
517496610
517497809
517495877
517497286
517496114
517495931
517496917
517496384
517496155
517496379
517496419
