517421755
517420885
517420949
517421011
517421814
517420618
517420308
517420344
517420299
517421641
517420656
517421479
517420289
517420969
517422048
517420670
517421998
517420660
517421271
517421466
517422004
517421281
517421729
517420356
517421261
517421567
517422065
517421984
517422113
517422108
517422077
517420851
517421882
517420494
517421796
517421734
517420960
517422128
517422123
517421772
517422137
517422154
517421993
517420304
517422090
517422179
517422118
517420596
517421312
517422011
517421251
517421323
517421830
517421236
517420992
517420523
517421849
517421506
517421588
517421198
517421210
517421763
517421135
517421291
517420632
517420923
517421871
517422034
517421788
517421229
517422008
517421606
517421969
517421745
517420332
517421649
517421903
517420318
517420313
517421620
517421627
517420323
517421515
517422142
517422134
517422184
517421859
517421107
517420663
