517404967
517404854
517405080
517404891
517405249
517405176
517404976
517405156
517404815
517405620
517405230
517405054
517405225
517404546
517405075
517404861
517404618
517405521
517404839
517405198
517404668
517405192
517405203
517404690
517405143
517405661
517405516
517405431
517404866
517405665
517405686
517405645
517404622
517404665
517405322
517405395
517405669
517405325
517404896
517405653
517405351
517404786
517405359
517405264
517405496
517405506
517405511
517404732
517405254
517405378
517404719
517405045
517405373
517404727
517405410
517404871
517404528
517405550
517404552
517405657
517404539
517405346
517404757
517404776
517405693
517405261
517404678
517404791
517404886
517405465
517405558
517405064
517405415
517405474
517405214
517405220
517405682
517404926
517404911
517404709
517404901
517404921
517404931
517404806
517405337
517405640
517404699
517404767
517404938
517404533
517404565
517405673
517404555
517404586
517405468
517404989
517404606
517404741
517405288
517404916
517404943
517405590
517405600
517404849
517404881
517405484
517405492
517404994
517405111
517405244
517404704
517405595
517404828
517405460
517405615
517405087
517404595
517404952
517405035
517404536
