517406536
517407366
517406969
517406288
517407973
517406284
517407968
517406755
517406672
517406717
517407408
517406359
517406768
517406742
517407617
517407812
517407411
517406368
517405996
517406503
517406291
517406469
517407952
517406295
517406682
517406059
517407175
517407201
517406677
517407653
517407151
517407181
517407191
517407540
517407640
517407857
517408140
517407843
517407850
517408137
517407231
517407804
517407001
517406160
517406866
517407800
517407006
517407630
517407291
517406280
517407270
517407351
517407467
517406007
517407996
517407426
517407947
517407454
517406325
517406498
517406353
517406561
517406512
517406574
517407385
517406139
517407664
517406129
517406869
517406221
517406257
517406216
517406375
517406037
517408003
517407742
517407733
517408040
517407186
517407162
517406305
517406320
517407551
517406315
517407563
517406205
517406587
517408171
517406188
517406178
517406356
517406003
517408223
517406242
517406872
517406348
517406343
517406097
517408020
517407394
517406109
517406104
517406953
517407939
517407931
517407624
517407280
517406119
517408011
517408317
517406198
517406444
517408378
517408383
517406264
517408326
517406114
517406124
517406144
517408306
517406063
517406247
517406051
517405999
517407751
517407598
517407606
517406022
517407675
517408373
517408368
517408361
517406482
517408341
517407835
517408213
517406252
517406055
517406231
517406149
517407375
517408162
517406338
517406237
