517483027
517483033
517483750
517487150
517483727
517487191
517482944
517487169
517482753
517484377
517484391
517483836
517483048
517483817
517485065
517483312
517486189
517484903
517486137
517486379
517486081
517482703
517486112
517483533
517486353
517483571
517485338
517482742
517487129
517487117
517487103
517487086
517487071
517485966
517483753
517484349
517482668
517486996
517487028
517484916
517482823
517486163
517484460
517484452
517482747
517483497
517483528
517483385
517483507
517486479
517483494
517482622
517483491
517483352
517485358
517483513
517485793
517482733
517482586
517483013
517487437
517486411
517484601
517486424
517483020
517484974
517484095
517483610
517484157
517482593
517483482
517482949
517483479
517483619
517483627
517483797
517483085
517482649
517483370
517482856
517485979
517484934
517483672
517482925
517483063
517483663
517483584
517484685
517483071
517483758
517484583
517483847
517484320
517485535
517484891
517482838
517483235
517483421
517482843
517485775
517482833
517484306
517486907
517484284
517485848
517485915
517483121
517483157
517483092
517483136
517483143
517482723
517486960
517482627
517486883
517484192
517483221
517486546
517483257
517483272
517483448
517483262
517482578
517485563
517484334
517482550
517484549
517484653
517483128
517483167
517483787
517482790
517482785
517482766
517483245
517482940
517484566
517484419
517483005
517484515
517484637
517482758
517482954
517485431
517484806
517484619
517482807
517482780
517483812
517482797
517483250
517483884
517483277
517483807
517482660
517483240
517486434
517482876
517482637
517482644
517486452
