517479796
517478144
517478197
517476074
517480599
517480280
517480462
517480073
517480294
517481063
517479641
517478698
517479024
517476790
517479671
517480261
517478570
517480659
517476185
517480765
517481143
517480673
517476734
517476858
517480650
517480713
517480731
517479848
517479810
517476512
517476752
517476433
517479628
517479864
517479062
517478677
517476089
517475615
517476994
517478225
517477519
517477890
517477953
517476964
517477923
517477471
517477571
517479431
517478463
517479716
517479687
