517417151
517416941
517417639
517417643
517417055
517416854
517416701
517416837
517417455
517417510
517417450
517417465
517417121
517417116
517417111
517417584
517417391
517417154
517416528
517417430
517416720
517417423
517416606
517417096
517417081
517417091
517417086
517417101
517417106
517416639
517416664
517416659
517417369
517417362
517417359
517416574
517416523
517416545
517416495
517416729
517417228
517416760
517417145
517417286
517417435
517417273
517417630
517417278
517416669
517416569
517417514
517417310
517416426
517416956
517416926
517416609
517417301
517417315
517417164
517416649
517416376
517416832
517417074
517416644
517416614
517416724
517416845
517416716
517416408
517416441
517417213
517416371
517417189
517417579
517417197
517416599
517416539
517416774
517416827
517417386
517416380
517416395
517416770
517417063
517416519
517416357
517417246
517416740
517417158
517416995
517416784
517416467
517417486
517417000
517416990
517416803
517416807
517416798
517416749
517417649
517416896
517417022
517416967
517416972
517417010
517416765
517416682
517417481
517417184
517417519
517417574
517417569
517417529
517416936
517416931
517416911
