517500395
517498560
517499171
517498961
517500449
517498986
517498565
517500130
517498846
517500380
517499042
517499341
517499364
517499788
517499662
517498637
517499753
517498355
517499520
517500472
517500111
517500237
517499203
517499858
517498683
517499207
517499961
517499679
517499048
517500135
517500557
517500532
517499863
517500508
517498652
517499034
517499951
517499004
517498584
517498347
517500096
517499180
517499029
517498395
517498647
517500682
517499936
517500505
517500475
517498667
517499270
517500687
517498620
517499701
517500729
517498443
517499689
517500590
517500183
517500198
517500274
517499580
517499135
517499100
517499115
517499665
517500229
517500302
517499125
517499055
517500710
517498946
517498793
517499381
517498697
517500542
517500537
517500390
517500521
517500527
517500288
517499321
517499148
517499853
517499888
517499885
517498507
517500188
517498364
517500696
517500375
517500293
517499143
517500347
517500405
517499045
517498574
517498850
517500400
517499684
517500410
517500106
517500425
517499606
517499625
517500662
517499671
517498746
517499255
517500672
517499185
517498971
517499998
517499565
517499575
517499193
517499614
517499105
517498478
517498798
517500511
517500203
517498468
517498956
517498378
517498783
517498803
517498473
517499721
517498367
517499979
517498966
517499969
517499416
517499436
517499086
517499024
517498433
517499808
517500255
517500305
517499798
517500245
517499803
517499336
517500241
517500357
517498543
517500647
517500372
517498599
517498594
517498569
517500315
517500116
517498766
517499092
517499110
517499525
517498657
517499260
517498662
517499956
517499241
517500157
517498539
517499994
517500704
517499706
517500208
517500212
517500618
517499213
517499783
517498981
517499833
517500010
517498531
517499818
517498438
517500700
517498884
517498889
517498402
517499545
517499482
517499560
517499500
517498761
517500145
517498756
517498730
517499095
517499535
517498826
517498523
