517536185
517536473
517536167
517536431
517535750
517536060
517536441
517535622
517535895
517535885
517535840
517535852
517536588
517536516
517535922
517535772
517535668
517535743
517536536
517536571
517536566
517536561
517536145
517536583
517536161
517536556
517535645
517536451
517535640
517536223
517535877
517536036
517535984
517536272
517536282
517535989
517535810
517535476
517535581
517535634
517536203
517536485
517535953
517535599
517535965
517535903
517535532
517536410
517535527
517535992
517536189
517536092
517535979
517535542
517535805
517535974
517535517
517536100
517536105
517535723
517535706
517536199
517536267
517536287
517536312
517536072
517536297
517536179
517535769
517536175
517535867
517535847
517535789
517536135
517535471
517536115
517536130
517536125
517536379
517535522
517536406
517536219
517535947
517536292
517536307
517535559
517535552
517535711
517535673
517535733
517535926
517535658
517535663
517535815
517536506
517535795
517535481
517535718
517535627
517536386
517536021
517536051
517536606
517536544
517536088
517535571
517535576
517535835
517535785
517536360
517535618
517536257
517536531
517535995
517536150
517536046
517535754
517536456
517536496
517536239
517536321
517536341
517535857
517536389
517536302
517535547
