517540865
517540711
517541863
517542060
517542070
517542055
517541468
517541191
517540901
517541566
517541655
517541561
517542022
517541021
517540748
517541016
517541822
517542168
517541031
517542164
517541026
517542031
517541260
517541762
517541784
517542017
517541789
517541048
517541554
517541532
517541544
517541635
517541213
517541186
517541093
517540659
517540979
517541709
517541719
517541103
517542188
517542150
517542026
517541443
517540706
517541438
517542065
517542147
517541006
517542257
517541643
517541473
517541966
517540727
517541991
517541448
517541941
517541729
517541233
517541354
517542314
517540814
517541844
517541898
517541401
517540655
517541088
517542193
517541590
517541291
517541108
517541063
517541600
517541595
517541406
517541478
517541463
517541131
517541492
517541487
517540880
517541243
517541631
517541208
517541196
517541248
517540663
517541724
517542198
517542156
517541704
517541057
517541694
517541203
517541620
517541832
517541580
517541585
517540836
517541148
517541153
517541118
517542012
517541270
517540681
517540696
517540701
517540691
517541996
517542080
517542120
517541813
517541074
517541081
517541639
517542007
517542136
517540651
517542294
517541956
517542115
517541808
517542095
517540858
517541334
517541324
517541329
517540851
517540809
517540756
517542100
517540761
517540798
517540783
517540788
517541976
517541011
517540870
517541421
517541986
517541319
517542299
517541428
517542289
517540793
517540723
517540906
517540875
517542279
517541672
517542050
517540671
517541879
517541339
517541416
517540928
