517407108
517406410
517407740
517406956
517407910
517407925
517408444
517406630
517407328
517407637
517406924
517408066
517407628
517408493
517406545
517407463
517406367
517408274
517408269
517408571
517408212
517408130
517408511
517408249
517406920
517407333
517407308
517408309
517406693
517406575
517408456
517407113
517408545
517406901
517407142
517406523
517407448
517406516
517406989
517407491
517408041
517407486
517407318
517407481
517406937
517406415
517408560
517406530
517407103
517406586
517407682
517407673
517406391
517407677
517407292
517406761
517408071
517407066
517406981
517407098
517406623
517408088
517406740
517408203
517408253
517407352
517407268
517408403
517408319
517407360
517408024
517408218
517406835
517407517
517407932
517408261
517406802
517407338
517408279
517407747
517408485
517407864
517406660
517408075
517408506
517408498
517406697
517407844
517408447
517406748
517407058
517407239
517408061
517406422
517407087
517406719
517407505
517406727
517407074
517407051
517407697
517408522
517406384
517407687
517406973
517407851
517406447
517407692
517406880
517407905
517406480
517407255
517408114
517408412
517406560
517407663
517408451
517407654
517406776
517407118
517407915
517408108
