517525998
517525858
517526315
517526688
517526889
517525451
517526937
517525469
517526428
517526418
517526958
517526765
517526281
517525618
517525623
517525360
517526866
517525870
517526988
517526757
517525865
517526742
517526732
517525946
517525446
517525903
517525673
517526453
517526462
517526438
517525380
517525908
517526578
517525991
517526527
517526393
517526780
517526268
517526894
517526713
517525688
517525840
517525203
517525683
517525199
517526248
517526809
517526549
517526544
517526816
517526263
517526679
517525971
517525821
517525801
517526343
517525836
517525668
517526457
517525678
517525700
517525375
517525771
517525511
517525194
517525507
517526510
517525189
517525426
517525741
517525746
517526622
517526075
517526078
517525826
517525751
517525695
517526657
517525663
517525736
517525411
517526238
517526559
517525580
517526941
517525553
517525538
517525543
517525563
517525573
517526795
517525351
517526596
517526851
517525488
517525354
517526164
517525776
517526703
517525212
517525222
517525237
517526363
517525786
517526146
517526785
517526800
517526554
517525994
517526775
517526929
517527013
517527023
517525388
517525392
517525365
517525370
517525455
517525383
517525341
517526126
517526169
517526154
517526917
517525207
517526136
517525756
517526954
517526856
517525638
517525633
517526404
517525568
517525653
517525558
517525157
517526945
517525464
517526003
517526229
517525781
517526968
517526653
517526978
517526023
517525986
517525981
517525227
517525261
517525816
517525181
517526233
517526388
517526790
517526564
517526504
517526106
517526329
517525941
517526717
517525320
517525325
517526530
517525315
517525295
517525305
517525310
517526174
517526626
517525880
517526998
517527003
517526993
517525277
517526054
517527008
517527028
517525185
517525913
517525474
517525916
517526983
517525888
517526519
517525956
517526573
517526645
517525290
517526381
517526884
517526879
517526583
517526276
517525613
517525643
517526874
517525628
517526683
517526861
517526038
517526196
517526467
517526033
517526043
517526472
517526028
517526141
517526159
517525141
517526353
517526358
517526348
517525177
517526096
517526541
517526086
517526101
517526319
517526111
517526121
517525407
517525173
517525441
517525402
517525431
517526903
517525416
517525768
