517446551
517445567
517445585
517445072
517445786
517445316
517444581
517446344
517444544
517444512
517444573
517446564
517446615
517444981
517444937
517444963
517444535
517445655
517445496
517445381
517445515
517445847
517445877
517445015
517445007
517446643
517446726
517446358
517445036
517446629
517445046
517446451
517446669
517444825
517446376
517445146
517444685
517446289
517446002
517444600
517446477
517445692
517445576
517445030
517445304
517445175
517446585
517445926
517444490
517446684
517445739
517444953
517445990
517445511
517445428
517445870
517446532
517445857
517445501
517446301
517446799
517445260
517445469
517445462
517446697
517445055
517446423
517445887
517446438
517446433
517446443
517445413
517446026
517445895
517445392
517444850
517445996
517444837
517444790
517445443
517444917
517445155
517446013
517445966
517444999
517445520
517445082
517446073
517445403
517444990
517446270
517445524
517445803
517445770
517444560
517446323
517444552
517446280
517446334
517445367
517445911
517446464
517445984
517446717
517445705
517445342
517445226
517444504
517445022
