517479237
517480179
517480209
517481555
517480193
517476191
517474515
517474545
517480871
517480890
517480815
517480851
517474524
517480130
517474872
517474918
517481128
517474506
517478106
517479808
517481230
517475495
517475446
517475417
517476280
517480640
517480786
517481548
517476637
517473857
517477653
517474761
517474851
517479388
517479453
517479345
517474631
517476017
517481262
517481142
517475280
517476711
517477901
517474656
517477866
517477784
517477745
517476053
517477702
517481568
517479430
517474557
517481219
517474532
517475907
517479658
517475825
517475553
517480682
517480654
517480729
517480626
517474202
517474212
517474307
517477005
517479618
517474450
517475569
517473886
517477089
517476949
517477035
517476167
517477060
517478448
517475871
517474503
517474433
517476068
517475536
