517527883
517528039
517528017
517528034
517528044
517528460
517528501
517528510
517528378
517528520
517528337
517528347
517528332
517528165
517528525
517528515
517528496
517528304
517527973
517527936
517527983
517527958
517528318
517528582
517528577
517528594
517528572
517528105
517528080
517528561
517528392
517527902
517528288
517527895
517528551
517527978
517528370
517527988
517528542
517527954
517528090
517528100
517528326
517528476
517528095
517527944
517528219
517527968
517527963
517528070
517527949
517528421
517528398
517528414
517528463
517528409
517528599
517528085
517528252
517528242
517528247
517528237
517528229
517527878
517527863
517527853
517527858
517528441
517528454
517528150
517528364
517528170
517528175
517528140
517528145
517528124
517528160
517528285
517528110
517528308
517528051
517527842
517528135
