517492160
517494118
517489348
517492497
517493249
517490016
517489912
517489877
517492463
517491169
517493986
517492474
517493615
517492839
517493693
517493631
517493623
517492857
517492767
517490650
517493039
517489423
517490122
517492886
517488691
517494598
517494475
517493762
517489414
517494615
517494591
517489385
517494607
517494079
517492141
517494256
517489981
517489707
517490359
517494683
517492513
517491124
517494657
517493754
517490419
517493576
517493568
517490443
517492380
517489284
517494129
517492556
517493592
517494519
517494090
517489405
517489620
517493832
517489377
517494413
517494042
517492044
517492027
517493506
517493474
517493487
517489939
517492866
517493498
517493257
517490961
517494574
517490001
517494422
517490087
517490302
517490068
517489108
517489395
517492620
517493711
517494166
517494108
517491275
517493331
517494270
517494229
517494244
517490049
517494706
517492310
517494434
517494374
517494034
517491045
517492694
517494052
517493816
517491881
517494112
517493222
517494010
517492267
517490229
517494586
517489150
517492827
517489370
517494399
517494191
517494179
517494216
517491091
517491254
517494641
517494633
517494366
517493241
517489435
517492368
517492753
517494064
517492712
517493291
517493728
517491208
517494649
517491187
517494624
517493928
517493514
517491828
517488753
517491854
517494499
517494133
517492527
517493584
517492542
517491292
517494138
517494144
517494204
517493791
517492223
517492783
517492851
517492198
517492815
517492774
517493357
517494666
517493720
517491231
517491148
517489184
517494674
517490340
517493746
517494690
517493786
517494509
517493558
517492104
517492352
517493544
517490914
517492063
517493549
517492121
517488817
517492082
517493392
517492592
517493105
517494096
517491637
517493275
517493779
517493324
517493316
517492919
517493737
517493369
517493783
517493061
517489334
517493231
517491628
517492844
517488712
517489322
517488736
517492905
517490591
517493083
517490856
517490279
517490259
517492832
517490709
517493407
517491657
517491666
517491493
517491647
517491593
517491568
517493978
517491538
517492979
517494447
517490670
517492956
517493530
517490556
517493020
517492998
517490534
517493902
517490882
517492674
517493889
517493345
517493379
